0
0.000000 0.395489 0.918471 1.000000 0.000000 0.000000 0.000000 0.918471 -0.395489
0.000000 0.518849 0.854866 1.000000 0.000000 0.000000 0.000000 0.854866 -0.518849
0.000000 0.484669 0.874697 1.000000 0.000000 0.000000 0.000000 0.874697 -0.484669
0.000000 0.426847 0.904324 1.000000 0.000000 0.000000 0.000000 0.904324 -0.426847
0.000000 0.605424 0.795903 1.000000 0.000000 0.000000 0.000000 0.795903 -0.605424
0.000000 0.569299 0.822130 1.000000 0.000000 0.000000 0.000000 0.822130 -0.569299
0.000000 0.685516 0.728057 1.000000 0.000000 0.000000 0.000000 0.728057 -0.685516
0.000000 0.648438 0.761267 1.000000 0.000000 0.000000 0.000000 0.761267 -0.648438
0.000000 0.301986 0.953312 1.000000 0.000000 0.000000 0.000000 0.953312 -0.301986
0.000000 0.381406 0.924408 1.000000 0.000000 0.000000 0.000000 0.924408 -0.381406
0.000000 0.458316 0.888789 1.000000 0.000000 0.000000 0.000000 0.888789 -0.458316
0.000000 0.532085 0.846691 1.000000 0.000000 0.000000 0.000000 0.846691 -0.532085
0.000000 0.150719 0.988577 1.000000 0.000000 0.000000 0.000000 0.988577 -0.150719
0.000000 0.211116 0.977461 1.000000 0.000000 0.000000 0.000000 0.977461 -0.211116
0.000000 0.270888 0.962611 1.000000 0.000000 0.000000 0.000000 0.962611 -0.270888
0.000000 0.329752 0.944068 1.000000 0.000000 0.000000 0.000000 0.944068 -0.329752
0.000000 -0.044612 0.999004 1.000000 0.000000 0.000000 0.000000 0.999004 0.044612
0.000000 -0.012335 0.999924 1.000000 0.000000 0.000000 0.000000 0.999924 0.012335
0.000000 0.020049 0.999799 1.000000 0.000000 0.000000 0.000000 0.999799 -0.020049
0.000000 0.052475 0.998622 1.000000 0.000000 0.000000 0.000000 0.998622 -0.052475
0.000000 -0.258819 0.965926 1.000000 0.000000 0.000000 0.000000 0.965926 0.258819
0.000000 -0.258819 0.965926 1.000000 0.000000 0.000000 0.000000 0.965926 0.258819
0.000000 -0.258819 0.965926 1.000000 0.000000 0.000000 0.000000 0.965926 0.258819
0.000000 -0.258819 0.965926 1.000000 0.000000 0.000000 0.000000 0.965926 0.258819
0.000000 -0.489280 0.872127 1.000000 0.000000 0.000000 0.000000 0.872127 0.489280
0.000000 -0.460867 0.887469 1.000000 0.000000 0.000000 0.000000 0.887469 0.460867
0.000000 -0.517263 0.855827 1.000000 0.000000 0.000000 0.000000 0.855827 0.517263
0.000000 -0.544756 0.838594 1.000000 0.000000 0.000000 0.000000 0.838594 0.544756
0.000000 -0.671562 0.740948 1.000000 0.000000 0.000000 0.000000 0.740948 0.671562
0.000000 -0.624815 0.780773 1.000000 0.000000 0.000000 0.000000 0.780773 0.624815
0.000000 -0.715902 0.698201 1.000000 0.000000 0.000000 0.000000 0.698201 0.715902
0.000000 -0.757607 0.652710 1.000000 0.000000 0.000000 0.000000 0.652710 0.757607
0.000000 -0.738184 0.674600 1.000000 0.000000 0.000000 0.000000 0.674600 0.738184
0.000000 -0.792511 0.609858 1.000000 0.000000 0.000000 0.000000 0.609858 0.792511
0.000000 -0.841308 0.540556 1.000000 0.000000 0.000000 0.000000 0.540556 0.841308
0.000000 -0.884144 0.467214 1.000000 0.000000 0.000000 0.000000 0.467214 0.884144
0.000000 -0.801739 0.597674 1.000000 0.000000 0.000000 0.000000 0.597674 0.801739
0.000000 -0.857085 0.515176 1.000000 0.000000 0.000000 0.000000 0.515176 0.857085
0.000000 -0.904093 0.427336 1.000000 0.000000 0.000000 0.000000 0.427336 0.904093
0.000000 -0.942198 0.335057 1.000000 0.000000 0.000000 0.000000 0.335057 0.942198
0.000000 -0.876769 0.480911 1.000000 0.000000 0.000000 0.000000 0.480911 0.876769
0.000000 -0.821822 0.569744 1.000000 0.000000 0.000000 0.000000 0.569744 0.821822
0.000000 -0.922264 0.386561 1.000000 0.000000 0.000000 0.000000 0.386561 0.922264
0.000000 -0.957703 0.287758 1.000000 0.000000 0.000000 0.000000 0.287758 0.957703
0.000000 -0.801739 0.597674 1.000000 0.000000 0.000000 0.000000 0.597674 0.801739
0.000000 -0.857085 0.515176 1.000000 0.000000 0.000000 0.000000 0.515176 0.857085
0.000000 -0.904093 0.427336 1.000000 0.000000 0.000000 0.000000 0.427336 0.904093
0.000000 -0.942198 0.335057 1.000000 0.000000 0.000000 0.000000 0.335057 0.942198
0.000000 -0.792511 0.609858 1.000000 0.000000 0.000000 0.000000 0.609858 0.792511
0.000000 -0.738184 0.674600 1.000000 0.000000 0.000000 0.000000 0.674600 0.738184
0.000000 -0.841308 0.540556 1.000000 0.000000 0.000000 0.000000 0.540556 0.841308
0.000000 -0.884144 0.467214 1.000000 0.000000 0.000000 0.000000 0.467214 0.884144
0.000000 -0.671562 0.740948 1.000000 0.000000 0.000000 0.000000 0.740948 0.671562
0.000000 -0.624815 0.780773 1.000000 0.000000 0.000000 0.000000 0.780773 0.624815
0.000000 -0.715902 0.698201 1.000000 0.000000 0.000000 0.000000 0.698201 0.715902
0.000000 -0.757607 0.652710 1.000000 0.000000 0.000000 0.000000 0.652710 0.757607
0.000000 -0.489280 0.872127 1.000000 0.000000 0.000000 0.000000 0.872127 0.489280
0.000000 -0.460867 0.887469 1.000000 0.000000 0.000000 0.000000 0.887469 0.460867
0.000000 -0.517263 0.855827 1.000000 0.000000 0.000000 0.000000 0.855827 0.517263
0.000000 -0.544756 0.838594 1.000000 0.000000 0.000000 0.000000 0.838594 0.544756
0.000000 -0.258819 0.965926 1.000000 0.000000 0.000000 0.000000 0.965926 0.258819
0.000000 -0.258819 0.965926 1.000000 0.000000 0.000000 0.000000 0.965926 0.258819
0.000000 -0.258819 0.965926 1.000000 0.000000 0.000000 0.000000 0.965926 0.258819
0.000000 -0.258819 0.965926 1.000000 0.000000 0.000000 0.000000 0.965926 0.258819
0.000000 -0.012335 0.999924 1.000000 0.000000 0.000000 0.000000 0.999924 0.012335
0.000000 -0.044612 0.999004 1.000000 0.000000 0.000000 0.000000 0.999004 0.044612
0.000000 0.020049 0.999799 1.000000 0.000000 0.000000 0.000000 0.999799 -0.020049
0.000000 0.052475 0.998622 1.000000 0.000000 0.000000 0.000000 0.998622 -0.052475
0.000000 0.211116 0.977461 1.000000 0.000000 0.000000 0.000000 0.977461 -0.211116
0.000000 0.150719 0.988577 1.000000 0.000000 0.000000 0.000000 0.988577 -0.150719
0.000000 0.270888 0.962611 1.000000 0.000000 0.000000 0.000000 0.962611 -0.270888
0.000000 0.329752 0.944068 1.000000 0.000000 0.000000 0.000000 0.944068 -0.329752
0.000000 0.381406 0.924408 1.000000 0.000000 0.000000 0.000000 0.924408 -0.381406
0.000000 0.301986 0.953312 1.000000 0.000000 0.000000 0.000000 0.953312 -0.301986
0.000000 0.458316 0.888789 1.000000 0.000000 0.000000 0.000000 0.888789 -0.458316
0.000000 0.532085 0.846691 1.000000 0.000000 0.000000 0.000000 0.846691 -0.532085
0.000000 0.484669 0.874697 1.000000 0.000000 0.000000 0.000000 0.874697 -0.484669
0.000000 0.395489 0.918471 1.000000 0.000000 0.000000 0.000000 0.918471 -0.395489
0.000000 0.569299 0.822130 1.000000 0.000000 0.000000 0.000000 0.822130 -0.569299
0.000000 0.648438 0.761267 1.000000 0.000000 0.000000 0.000000 0.761267 -0.648438
0.000000 -0.258819 0.965926 1.000000 0.000000 0.000000 0.000000 0.965926 0.258819
0.000000 -0.137003 0.990571 1.000000 0.000000 0.000000 0.000000 0.990571 0.137003
0.000000 -0.143035 0.989718 1.000000 0.000000 0.000000 0.000000 0.989718 0.143035
0.000000 -0.160489 0.987038 1.000000 0.000000 0.000000 0.000000 0.987038 0.160489
0.000000 -0.187580 0.982249 1.000000 0.000000 0.000000 0.000000 0.982249 0.187580
0.000000 -0.221520 0.975156 1.000000 0.000000 0.000000 0.000000 0.975156 0.221520
0.000000 -0.258819 0.965926 1.000000 0.000000 0.000000 0.000000 0.965926 0.258819
0.000000 -0.295736 0.955270 1.000000 0.000000 0.000000 0.000000 0.955270 0.295736
0.000000 -0.328676 0.944443 1.000000 0.000000 0.000000 0.000000 0.944443 0.328676
0.000000 -0.354531 0.935044 1.000000 0.000000 0.000000 0.000000 0.935044 0.354531
0.000000 -0.370987 0.928638 1.000000 0.000000 0.000000 0.000000 0.928638 0.370987
0.000000 -0.376638 0.926361 1.000000 0.000000 0.000000 0.000000 0.926361 0.376638
0.000000 -0.370987 0.928638 1.000000 0.000000 0.000000 0.000000 0.928638 0.370987
0.000000 -0.354531 0.935044 1.000000 0.000000 0.000000 0.000000 0.935044 0.354531
0.000000 -0.328676 0.944443 1.000000 0.000000 0.000000 0.000000 0.944443 0.328676
0.000000 -0.295736 0.955270 1.000000 0.000000 0.000000 0.000000 0.955270 0.295736
0.000000 -0.258819 0.965926 1.000000 0.000000 0.000000 0.000000 0.965926 0.258819
0.000000 -0.221520 0.975156 1.000000 0.000000 0.000000 0.000000 0.975156 0.221520
0.000000 -0.187580 0.982249 1.000000 0.000000 0.000000 0.000000 0.982249 0.187580
0.000000 -0.160489 0.987038 1.000000 0.000000 0.000000 0.000000 0.987038 0.160489
0.000000 -0.143035 0.989718 1.000000 0.000000 0.000000 0.000000 0.989718 0.143035
0.000000 -0.016662 0.999861 1.000000 0.000000 0.000000 0.000000 0.999861 0.016662
0.000000 -0.028655 0.999589 1.000000 0.000000 0.000000 0.000000 0.999589 0.028655
0.000000 -0.063440 0.997986 1.000000 0.000000 0.000000 0.000000 0.997986 0.063440
0.000000 -0.117436 0.993081 1.000000 0.000000 0.000000 0.000000 0.993081 0.117436
0.000000 -0.184979 0.982742 1.000000 0.000000 0.000000 0.000000 0.982742 0.184979
0.000000 -0.258819 0.965926 1.000000 0.000000 0.000000 0.000000 0.965926 0.258819
0.000000 -0.331175 0.943569 1.000000 0.000000 0.000000 0.000000 0.943569 0.331175
0.000000 -0.394838 0.918751 1.000000 0.000000 0.000000 0.000000 0.918751 0.394838
0.000000 -0.444053 0.896001 1.000000 0.000000 0.000000 0.000000 0.896001 0.444053
0.000000 -0.474978 0.879997 1.000000 0.000000 0.000000 0.000000 0.879997 0.474978
0.000000 -0.485501 0.874236 1.000000 0.000000 0.000000 0.000000 0.874236 0.485501
0.000000 -0.474978 0.879997 1.000000 0.000000 0.000000 0.000000 0.879997 0.474978
0.000000 -0.444053 0.896001 1.000000 0.000000 0.000000 0.000000 0.896001 0.444053
0.000000 -0.394838 0.918751 1.000000 0.000000 0.000000 0.000000 0.918751 0.394838
0.000000 -0.331175 0.943569 1.000000 0.000000 0.000000 0.000000 0.943569 0.331175
0.000000 -0.258819 0.965926 1.000000 0.000000 0.000000 0.000000 0.965926 0.258819
0.000000 -0.184979 0.982742 1.000000 0.000000 0.000000 0.000000 0.982742 0.184979
0.000000 -0.117436 0.993081 1.000000 0.000000 0.000000 0.000000 0.993081 0.117436
0.000000 -0.063440 0.997986 1.000000 0.000000 0.000000 0.000000 0.997986 0.063440
0.000000 -0.028655 0.999589 1.000000 0.000000 0.000000 0.000000 0.999589 0.028655
0.000000 0.096898 0.995294 1.000000 0.000000 0.000000 0.000000 0.995294 -0.096898
0.000000 0.079402 0.996843 1.000000 0.000000 0.000000 0.000000 0.996843 -0.079402
0.000000 0.028514 0.999593 1.000000 0.000000 0.000000 0.000000 0.999593 -0.028514
0.000000 -0.050855 0.998706 1.000000 0.000000 0.000000 0.000000 0.998706 0.050855
0.000000 -0.150340 0.988634 1.000000 0.000000 0.000000 0.000000 0.988634 0.150340
0.000000 -0.258819 0.965926 1.000000 0.000000 0.000000 0.000000 0.965926 0.258819
0.000000 -0.364119 0.931353 1.000000 0.000000 0.000000 0.000000 0.931353 0.364119
0.000000 -0.455312 0.890332 1.000000 0.000000 0.000000 0.000000 0.890332 0.455312
0.000000 -0.524490 0.851416 1.000000 0.000000 0.000000 0.000000 0.851416 0.524490
0.000000 -0.567186 0.823590 1.000000 0.000000 0.000000 0.000000 0.823590 0.567186
0.000000 -0.581563 0.813501 1.000000 0.000000 0.000000 0.000000 0.813501 0.581563
0.000000 -0.567186 0.823590 1.000000 0.000000 0.000000 0.000000 0.823590 0.567186
0.000000 -0.524490 0.851416 1.000000 0.000000 0.000000 0.000000 0.851416 0.524490
0.000000 -0.455312 0.890332 1.000000 0.000000 0.000000 0.000000 0.890332 0.455312
0.000000 -0.364119 0.931353 1.000000 0.000000 0.000000 0.000000 0.931353 0.364119
0.000000 -0.258819 0.965926 1.000000 0.000000 0.000000 0.000000 0.965926 0.258819
0.000000 -0.150340 0.988634 1.000000 0.000000 0.000000 0.000000 0.988634 0.150340
0.000000 -0.050855 0.998706 1.000000 0.000000 0.000000 0.000000 0.998706 0.050855
0.000000 0.028514 0.999593 1.000000 0.000000 0.000000 0.000000 0.999593 -0.028514
0.000000 0.079402 0.996843 1.000000 0.000000 0.000000 0.000000 0.996843 -0.079402
0.000000 0.199087 0.979982 1.000000 0.000000 0.000000 0.000000 0.979982 -0.199087
0.000000 0.176874 0.984233 1.000000 0.000000 0.000000 0.000000 0.984233 -0.176874
0.000000 0.111920 0.993717 1.000000 0.000000 0.000000 0.000000 0.993717 -0.111920
0.000000 0.009893 0.999951 1.000000 0.000000 0.000000 0.000000 0.999951 -0.009893
0.000000 -0.118687 0.992932 1.000000 0.000000 0.000000 0.000000 0.992932 0.118687
0.000000 -0.258819 0.965926 1.000000 0.000000 0.000000 0.000000 0.965926 0.258819
0.000000 -0.393680 0.919248 1.000000 0.000000 0.000000 0.000000 0.919248 0.393680
0.000000 -0.508543 0.861037 1.000000 0.000000 0.000000 0.000000 0.861037 0.508543
0.000000 -0.593785 0.804624 1.000000 0.000000 0.000000 0.000000 0.804624 0.593785
0.000000 -0.645294 0.763934 1.000000 0.000000 0.000000 0.000000 0.763934 0.645294
0.000000 -0.662405 0.749146 1.000000 0.000000 0.000000 0.000000 0.749146 0.662405
0.000000 -0.645294 0.763934 1.000000 0.000000 0.000000 0.000000 0.763934 0.645294
0.000000 -0.593785 0.804624 1.000000 0.000000 0.000000 0.000000 0.804624 0.593785
0.000000 -0.508543 0.861037 1.000000 0.000000 0.000000 0.000000 0.861037 0.508543
0.000000 -0.393680 0.919248 1.000000 0.000000 0.000000 0.000000 0.919248 0.393680
0.000000 -0.258819 0.965926 1.000000 0.000000 0.000000 0.000000 0.965926 0.258819
0.000000 -0.118687 0.992932 1.000000 0.000000 0.000000 0.000000 0.992932 0.118687
0.000000 0.009893 0.999951 1.000000 0.000000 0.000000 0.000000 0.999951 -0.009893
0.000000 0.111920 0.993717 1.000000 0.000000 0.000000 0.000000 0.993717 -0.111920
0.000000 0.176874 0.984233 1.000000 0.000000 0.000000 0.000000 0.984233 -0.176874
0.000000 0.286424 0.958103 1.000000 0.000000 0.000000 0.000000 0.958103 -0.286424
0.000000 0.260417 0.965496 1.000000 0.000000 0.000000 0.000000 0.965496 -0.260417
0.000000 0.183952 0.982935 1.000000 0.000000 0.000000 0.000000 0.982935 -0.183952
0.000000 0.062784 0.998027 1.000000 0.000000 0.000000 0.000000 0.998027 -0.062784
0.000000 -0.091004 0.995850 1.000000 0.000000 0.000000 0.000000 0.995850 0.091004
0.000000 -0.258819 0.965926 1.000000 0.000000 0.000000 0.000000 0.965926 0.258819
0.000000 -0.419113 0.907934 1.000000 0.000000 0.000000 0.000000 0.907934 0.419113
0.000000 -0.553386 0.832925 1.000000 0.000000 0.000000 0.000000 0.832925 0.553386
0.000000 -0.650774 0.759271 1.000000 0.000000 0.000000 0.000000 0.759271 0.650774
0.000000 -0.708276 0.705936 1.000000 0.000000 0.000000 0.000000 0.705936 0.708276
0.000000 -0.727102 0.686529 1.000000 0.000000 0.000000 0.000000 0.686529 0.727102
0.000000 -0.708276 0.705936 1.000000 0.000000 0.000000 0.000000 0.705936 0.708276
0.000000 -0.650774 0.759271 1.000000 0.000000 0.000000 0.000000 0.759271 0.650774
0.000000 -0.553386 0.832925 1.000000 0.000000 0.000000 0.000000 0.832925 0.553386
0.000000 -0.419113 0.907934 1.000000 0.000000 0.000000 0.000000 0.907934 0.419113
0.000000 -0.258819 0.965926 1.000000 0.000000 0.000000 0.000000 0.965926 0.258819
0.000000 -0.091004 0.995850 1.000000 0.000000 0.000000 0.000000 0.995850 0.091004
0.000000 0.062784 0.998027 1.000000 0.000000 0.000000 0.000000 0.998027 -0.062784
0.000000 0.183952 0.982935 1.000000 0.000000 0.000000 0.000000 0.982935 -0.183952
0.000000 0.260417 0.965496 1.000000 0.000000 0.000000 0.000000 0.965496 -0.260417
0.000000 0.356608 0.934254 1.000000 0.000000 0.000000 0.000000 0.934254 -0.356608
0.000000 0.327798 0.944748 1.000000 0.000000 0.000000 0.000000 0.944748 -0.327798
0.000000 0.242554 0.970138 1.000000 0.000000 0.000000 0.000000 0.970138 -0.242554
0.000000 0.106209 0.994344 1.000000 0.000000 0.000000 0.000000 0.994344 -0.106209
0.000000 -0.068167 0.997674 1.000000 0.000000 0.000000 0.000000 0.997674 0.068167
0.000000 -0.258819 0.965926 1.000000 0.000000 0.000000 0.000000 0.965926 0.258819
0.000000 -0.439803 0.898094 1.000000 0.000000 0.000000 0.000000 0.898094 0.439803
0.000000 -0.589151 0.808023 1.000000 0.000000 0.000000 0.000000 0.808023 0.589151
0.000000 -0.695127 0.718887 1.000000 0.000000 0.000000 0.000000 0.718887 0.695127
0.000000 -0.756255 0.654277 1.000000 0.000000 0.000000 0.000000 0.654277 0.756255
0.000000 -0.775959 0.630784 1.000000 0.000000 0.000000 0.000000 0.630784 0.775959
0.000000 -0.756255 0.654277 1.000000 0.000000 0.000000 0.000000 0.654277 0.756255
0.000000 -0.695127 0.718887 1.000000 0.000000 0.000000 0.000000 0.718887 0.695127
0.000000 -0.589151 0.808023 1.000000 0.000000 0.000000 0.000000 0.808023 0.589151
0.000000 -0.439803 0.898094 1.000000 0.000000 0.000000 0.000000 0.898094 0.439803
0.000000 -0.258819 0.965926 1.000000 0.000000 0.000000 0.000000 0.965926 0.258819
0.000000 -0.068167 0.997674 1.000000 0.000000 0.000000 0.000000 0.997674 0.068167
0.000000 0.106209 0.994344 1.000000 0.000000 0.000000 0.000000 0.994344 -0.106209
0.000000 0.242554 0.970138 1.000000 0.000000 0.000000 0.000000 0.970138 -0.242554
0.000000 0.327798 0.944748 1.000000 0.000000 0.000000 0.000000 0.944748 -0.327798
0.000000 0.408436 0.912787 1.000000 0.000000 0.000000 0.000000 0.912787 -0.408436
0.000000 0.377722 0.925919 1.000000 0.000000 0.000000 0.000000 0.925919 -0.377722
0.000000 0.286324 0.958133 1.000000 0.000000 0.000000 0.000000 0.958133 -0.286324
0.000000 0.138933 0.990302 1.000000 0.000000 0.000000 0.000000 0.990302 -0.138933
0.000000 -0.050865 0.998706 1.000000 0.000000 0.000000 0.000000 0.998706 0.050865
0.000000 -0.258819 0.965926 1.000000 0.000000 0.000000 0.000000 0.965926 0.258819
0.000000 -0.455302 0.890337 1.000000 0.000000 0.000000 0.000000 0.890337 0.455302
0.000000 -0.615470 0.788160 1.000000 0.000000 0.000000 0.000000 0.788160 0.615470
0.000000 -0.727030 0.686606 1.000000 0.000000 0.000000 0.000000 0.686606 0.727030
0.000000 -0.790077 0.613008 1.000000 0.000000 0.000000 0.000000 0.613008 0.790077
0.000000 -0.810109 0.586279 1.000000 0.000000 0.000000 0.000000 0.586279 0.810109
0.000000 -0.790077 0.613008 1.000000 0.000000 0.000000 0.000000 0.613008 0.790077
0.000000 -0.727030 0.686606 1.000000 0.000000 0.000000 0.000000 0.686606 0.727030
0.000000 -0.615470 0.788160 1.000000 0.000000 0.000000 0.000000 0.788160 0.615470
0.000000 -0.455302 0.890337 1.000000 0.000000 0.000000 0.000000 0.890337 0.455302
0.000000 -0.258819 0.965926 1.000000 0.000000 0.000000 0.000000 0.965926 0.258819
0.000000 -0.050865 0.998706 1.000000 0.000000 0.000000 0.000000 0.998706 0.050865
0.000000 0.138933 0.990302 1.000000 0.000000 0.000000 0.000000 0.990302 -0.138933
0.000000 0.286324 0.958133 1.000000 0.000000 0.000000 0.000000 0.958133 -0.286324
0.000000 0.377722 0.925919 1.000000 0.000000 0.000000 0.000000 0.925919 -0.377722
0.000000 0.441411 0.897305 1.000000 0.000000 0.000000 0.000000 0.897305 -0.441411
0.000000 0.409577 0.912276 1.000000 0.000000 0.000000 0.000000 0.912276 -0.409577
0.000000 0.314437 0.949278 1.000000 0.000000 0.000000 0.000000 0.949278 -0.314437
0.000000 0.160110 0.987099 1.000000 0.000000 0.000000 0.000000 0.987099 -0.160110
0.000000 -0.039616 0.999215 1.000000 0.000000 0.000000 0.000000 0.999215 0.039616
0.000000 -0.258819 0.965926 1.000000 0.000000 0.000000 0.000000 0.965926 0.258819
0.000000 -0.465299 0.885153 1.000000 0.000000 0.000000 0.000000 0.885153 0.465299
0.000000 -0.632209 0.774798 1.000000 0.000000 0.000000 0.000000 0.774798 0.632209
0.000000 -0.746950 0.664880 1.000000 0.000000 0.000000 0.000000 0.664880 0.746950
0.000000 -0.810842 0.585266 1.000000 0.000000 0.000000 0.000000 0.585266 0.810842
0.000000 -0.830925 0.556384 1.000000 0.000000 0.000000 0.000000 0.556384 0.830925
0.000000 -0.810842 0.585266 1.000000 0.000000 0.000000 0.000000 0.585266 0.810842
0.000000 -0.746950 0.664880 1.000000 0.000000 0.000000 0.000000 0.664880 0.746950
0.000000 -0.632209 0.774798 1.000000 0.000000 0.000000 0.000000 0.774798 0.632209
0.000000 -0.465299 0.885153 1.000000 0.000000 0.000000 0.000000 0.885153 0.465299
0.000000 -0.258819 0.965926 1.000000 0.000000 0.000000 0.000000 0.965926 0.258819
0.000000 -0.039616 0.999215 1.000000 0.000000 0.000000 0.000000 0.999215 0.039616
0.000000 0.160110 0.987099 1.000000 0.000000 0.000000 0.000000 0.987099 -0.160110
0.000000 0.314437 0.949278 1.000000 0.000000 0.000000 0.000000 0.949278 -0.314437
0.000000 0.409577 0.912276 1.000000 0.000000 0.000000 0.000000 0.912276 -0.409577
0.000000 0.455466 0.890253 1.000000 0.000000 0.000000 0.000000 0.890253 -0.455466
0.000000 0.423167 0.906052 1.000000 0.000000 0.000000 0.000000 0.906052 -0.423167
0.000000 0.326487 0.945202 1.000000 0.000000 0.000000 0.000000 0.945202 -0.326487
0.000000 0.169228 0.985577 1.000000 0.000000 0.000000 0.000000 0.985577 -0.169228
0.000000 -0.034755 0.999396 1.000000 0.000000 0.000000 0.000000 0.999396 0.034755
0.000000 -0.258819 0.965926 1.000000 0.000000 0.000000 0.000000 0.965926 0.258819
0.000000 -0.469599 0.882880 1.000000 0.000000 0.000000 0.000000 0.882880 0.469599
0.000000 -0.639344 0.768921 1.000000 0.000000 0.000000 0.000000 0.768921 0.639344
0.000000 -0.755347 0.655325 1.000000 0.000000 0.000000 0.000000 0.655325 0.755347
0.000000 -0.819499 0.573080 1.000000 0.000000 0.000000 0.000000 0.573080 0.819499
0.000000 -0.839572 0.543249 1.000000 0.000000 0.000000 0.000000 0.543249 0.839572
0.000000 -0.819499 0.573080 1.000000 0.000000 0.000000 0.000000 0.573080 0.819499
0.000000 -0.755347 0.655325 1.000000 0.000000 0.000000 0.000000 0.655325 0.755347
0.000000 -0.639344 0.768921 1.000000 0.000000 0.000000 0.000000 0.768921 0.639344
0.000000 -0.469599 0.882880 1.000000 0.000000 0.000000 0.000000 0.882880 0.469599
0.000000 -0.258819 0.965926 1.000000 0.000000 0.000000 0.000000 0.965926 0.258819
0.000000 -0.034755 0.999396 1.000000 0.000000 0.000000 0.000000 0.999396 0.034755
0.000000 0.169228 0.985577 1.000000 0.000000 0.000000 0.000000 0.985577 -0.169228
0.000000 0.326487 0.945202 1.000000 0.000000 0.000000 0.000000 0.945202 -0.326487
0.000000 0.423167 0.906052 1.000000 0.000000 0.000000 0.000000 0.906052 -0.423167
0.000000 0.450615 0.892718 1.000000 0.000000 0.000000 0.000000 0.892718 -0.450615
0.000000 0.418469 0.908231 1.000000 0.000000 0.000000 0.000000 0.908231 -0.418469
0.000000 0.322324 0.946629 1.000000 0.000000 0.000000 0.000000 0.946629 -0.322324
0.000000 0.166070 0.986114 1.000000 0.000000 0.000000 0.000000 0.986114 -0.166070
0.000000 -0.036435 0.999336 1.000000 0.000000 0.000000 0.000000 0.999336 0.036435
0.000000 -0.258819 0.965926 1.000000 0.000000 0.000000 0.000000 0.965926 0.258819
0.000000 -0.468114 0.883668 1.000000 0.000000 0.000000 0.000000 0.883668 0.468114
0.000000 -0.636878 0.770965 1.000000 0.000000 0.000000 0.000000 0.770965 0.636878
0.000000 -0.752455 0.658643 1.000000 0.000000 0.000000 0.000000 0.658643 0.752455
0.000000 -0.816521 0.577316 1.000000 0.000000 0.000000 0.000000 0.577316 0.816521
0.000000 -0.836603 0.547809 1.000000 0.000000 0.000000 0.000000 0.547809 0.836603
0.000000 -0.816521 0.577316 1.000000 0.000000 0.000000 0.000000 0.577316 0.816521
0.000000 -0.752455 0.658643 1.000000 0.000000 0.000000 0.000000 0.658643 0.752455
0.000000 -0.636878 0.770965 1.000000 0.000000 0.000000 0.000000 0.770965 0.636878
0.000000 -0.468114 0.883668 1.000000 0.000000 0.000000 0.000000 0.883668 0.468114
0.000000 -0.258819 0.965926 1.000000 0.000000 0.000000 0.000000 0.965926 0.258819
0.000000 -0.036435 0.999336 1.000000 0.000000 0.000000 0.000000 0.999336 0.036435
0.000000 0.166070 0.986114 1.000000 0.000000 0.000000 0.000000 0.986114 -0.166070
0.000000 0.322324 0.946629 1.000000 0.000000 0.000000 0.000000 0.946629 -0.322324
0.000000 0.418469 0.908231 1.000000 0.000000 0.000000 0.000000 0.908231 -0.418469
0.000000 -0.088347 0.996090 1.000000 0.000000 0.000000 0.000000 0.996090 0.088347
0.000000 -0.096788 0.995305 1.000000 0.000000 0.000000 0.000000 0.995305 0.096788
0.000000 -0.258819 0.965926 1.000000 0.000000 0.000000 0.000000 0.965926 0.258819
0.000000 -0.121263 0.992620 1.000000 0.000000 0.000000 0.000000 0.992620 0.121263
0.000000 -0.159234 0.987241 1.000000 0.000000 0.000000 0.000000 0.987241 0.159234
0.000000 -0.206735 0.978397 1.000000 0.000000 0.000000 0.000000 0.978397 0.206735
0.000000 -0.258819 0.965926 1.000000 0.000000 0.000000 0.000000 0.965926 0.258819
0.000000 -0.310161 0.950684 1.000000 0.000000 0.000000 0.000000 0.950684 0.310161
0.000000 -0.355720 0.934593 1.000000 0.000000 0.000000 0.000000 0.934593 0.355720
0.000000 -0.391293 0.920266 1.000000 0.000000 0.000000 0.000000 0.920266 0.391293
0.000000 -0.413832 0.910353 1.000000 0.000000 0.000000 0.000000 0.910353 0.413832
0.000000 -0.421534 0.906812 1.000000 0.000000 0.000000 0.000000 0.906812 0.421534
0.000000 -0.413832 0.910353 1.000000 0.000000 0.000000 0.000000 0.910353 0.413832
0.000000 -0.391293 0.920266 1.000000 0.000000 0.000000 0.000000 0.920266 0.391293
0.000000 -0.355720 0.934593 1.000000 0.000000 0.000000 0.000000 0.934593 0.355720
0.000000 -0.310161 0.950684 1.000000 0.000000 0.000000 0.000000 0.950684 0.310161
0.000000 -0.258819 0.965926 1.000000 0.000000 0.000000 0.000000 0.965926 0.258819
0.000000 -0.206735 0.978397 1.000000 0.000000 0.000000 0.000000 0.978397 0.206735
0.000000 -0.159234 0.987241 1.000000 0.000000 0.000000 0.000000 0.987241 0.159234
0.000000 -0.121263 0.992620 1.000000 0.000000 0.000000 0.000000 0.992620 0.121263
0.000000 -0.096788 0.995305 1.000000 0.000000 0.000000 0.000000 0.995305 0.096788
0.000000 0.080041 0.996792 1.000000 0.000000 0.000000 0.000000 0.996792 -0.080041
0.000000 0.063350 0.997991 1.000000 0.000000 0.000000 0.000000 0.997991 -0.063350
0.000000 0.014829 0.999890 1.000000 0.000000 0.000000 0.000000 0.999890 -0.014829
0.000000 -0.060787 0.998151 1.000000 0.000000 0.000000 0.000000 0.998151 0.060787
0.000000 -0.155500 0.987836 1.000000 0.000000 0.000000 0.000000 0.987836 0.155500
0.000000 -0.258819 0.965926 1.000000 0.000000 0.000000 0.000000 0.965926 0.258819
0.000000 -0.359251 0.933241 1.000000 0.000000 0.000000 0.000000 0.933241 0.359251
0.000000 -0.446432 0.894817 1.000000 0.000000 0.000000 0.000000 0.894817 0.446432
0.000000 -0.512788 0.858515 1.000000 0.000000 0.000000 0.000000 0.858515 0.512788
0.000000 -0.553859 0.832611 1.000000 0.000000 0.000000 0.000000 0.832611 0.553859
0.000000 -0.567713 0.823226 1.000000 0.000000 0.000000 0.000000 0.823226 0.567713
0.000000 -0.553859 0.832611 1.000000 0.000000 0.000000 0.000000 0.832611 0.553859
0.000000 -0.512788 0.858515 1.000000 0.000000 0.000000 0.000000 0.858515 0.512788
0.000000 -0.446432 0.894817 1.000000 0.000000 0.000000 0.000000 0.894817 0.446432
0.000000 -0.359251 0.933241 1.000000 0.000000 0.000000 0.000000 0.933241 0.359251
0.000000 -0.258819 0.965926 1.000000 0.000000 0.000000 0.000000 0.965926 0.258819
0.000000 -0.155500 0.987836 1.000000 0.000000 0.000000 0.000000 0.987836 0.155500
0.000000 -0.060787 0.998151 1.000000 0.000000 0.000000 0.000000 0.998151 0.060787
0.000000 0.014829 0.999890 1.000000 0.000000 0.000000 0.000000 0.999890 -0.014829
0.000000 0.063350 0.997991 1.000000 0.000000 0.000000 0.000000 0.997991 -0.063350
0.000000 0.237057 0.971496 1.000000 0.000000 0.000000 0.000000 0.971496 -0.237057
0.000000 0.213169 0.977015 1.000000 0.000000 0.000000 0.000000 0.977015 -0.213169
0.000000 0.143134 0.989703 1.000000 0.000000 0.000000 0.000000 0.989703 -0.143134
0.000000 0.032756 0.999463 1.000000 0.000000 0.000000 0.000000 0.999463 -0.032756
0.000000 -0.106736 0.994287 1.000000 0.000000 0.000000 0.000000 0.994287 0.106736
0.000000 -0.258819 0.965926 1.000000 0.000000 0.000000 0.000000 0.965926 0.258819
0.000000 -0.404707 0.914446 1.000000 0.000000 0.000000 0.000000 0.914446 0.404707
0.000000 -0.528099 0.849183 1.000000 0.000000 0.000000 0.000000 0.849183 0.528099
0.000000 -0.618809 0.785541 1.000000 0.000000 0.000000 0.000000 0.785541 0.618809
0.000000 -0.673117 0.739536 1.000000 0.000000 0.000000 0.000000 0.739536 0.673117
0.000000 -0.691045 0.722812 1.000000 0.000000 0.000000 0.000000 0.722812 0.691045
0.000000 -0.673117 0.739536 1.000000 0.000000 0.000000 0.000000 0.739536 0.673117
0.000000 -0.618809 0.785541 1.000000 0.000000 0.000000 0.000000 0.785541 0.618809
0.000000 -0.528099 0.849183 1.000000 0.000000 0.000000 0.000000 0.849183 0.528099
0.000000 -0.404707 0.914446 1.000000 0.000000 0.000000 0.000000 0.914446 0.404707
0.000000 -0.258819 0.965926 1.000000 0.000000 0.000000 0.000000 0.965926 0.258819
0.000000 -0.106736 0.994287 1.000000 0.000000 0.000000 0.000000 0.994287 0.106736
0.000000 0.032756 0.999463 1.000000 0.000000 0.000000 0.000000 0.999463 -0.032756
0.000000 0.143134 0.989703 1.000000 0.000000 0.000000 0.000000 0.989703 -0.143134
0.000000 0.213169 0.977015 1.000000 0.000000 0.000000 0.000000 0.977015 -0.213169
0.000000 0.375387 0.926868 1.000000 0.000000 0.000000 0.000000 0.926868 -0.375387
0.000000 0.345868 0.938283 1.000000 0.000000 0.000000 0.000000 0.938283 -0.345868
0.000000 0.258357 0.966049 1.000000 0.000000 0.000000 0.000000 0.966049 -0.258357
0.000000 0.117994 0.993014 1.000000 0.000000 0.000000 0.000000 0.993014 -0.117994
0.000000 -0.061940 0.998080 1.000000 0.000000 0.000000 0.000000 0.998080 0.061940
0.000000 -0.258819 0.965926 1.000000 0.000000 0.000000 0.000000 0.965926 0.258819
0.000000 -0.445398 0.895333 1.000000 0.000000 0.000000 0.000000 0.895333 0.445398
0.000000 -0.598693 0.800979 1.000000 0.000000 0.000000 0.000000 0.800979 0.598693
0.000000 -0.706769 0.707445 1.000000 0.000000 0.000000 0.000000 0.707445 0.706769
0.000000 -0.768672 0.639643 1.000000 0.000000 0.000000 0.000000 0.639643 0.768672
0.000000 -0.788529 0.614998 1.000000 0.000000 0.000000 0.000000 0.614998 0.788529
0.000000 -0.768672 0.639643 1.000000 0.000000 0.000000 0.000000 0.639643 0.768672
0.000000 -0.706769 0.707445 1.000000 0.000000 0.000000 0.000000 0.707445 0.706769
0.000000 -0.598693 0.800979 1.000000 0.000000 0.000000 0.000000 0.800979 0.598693
0.000000 -0.445398 0.895333 1.000000 0.000000 0.000000 0.000000 0.895333 0.445398
0.000000 -0.258819 0.965926 1.000000 0.000000 0.000000 0.000000 0.965926 0.258819
0.000000 -0.061940 0.998080 1.000000 0.000000 0.000000 0.000000 0.998080 0.061940
0.000000 0.117994 0.993014 1.000000 0.000000 0.000000 0.000000 0.993014 -0.117994
0.000000 0.258357 0.966049 1.000000 0.000000 0.000000 0.000000 0.966049 -0.258357
0.000000 0.345868 0.938283 1.000000 0.000000 0.000000 0.000000 0.938283 -0.345868
0.000000 0.490411 0.871491 1.000000 0.000000 0.000000 0.000000 0.871491 -0.490411
0.000000 0.457036 0.889448 1.000000 0.000000 0.000000 0.000000 0.889448 -0.457036
0.000000 0.356637 0.934243 1.000000 0.000000 0.000000 0.000000 0.934243 -0.356637
0.000000 0.192154 0.981365 1.000000 0.000000 0.000000 0.000000 0.981365 -0.192154
0.000000 -0.022512 0.999747 1.000000 0.000000 0.000000 0.000000 0.999747 0.022512
0.000000 -0.258819 0.965926 1.000000 0.000000 0.000000 0.000000 0.965926 0.258819
0.000000 -0.480377 0.877062 1.000000 0.000000 0.000000 0.000000 0.877062 0.480377
0.000000 -0.657092 0.753810 1.000000 0.000000 0.000000 0.000000 0.753810 0.657092
0.000000 -0.775978 0.630759 1.000000 0.000000 0.000000 0.000000 0.630759 0.775978
0.000000 -0.840529 0.541766 1.000000 0.000000 0.000000 0.000000 0.541766 0.840529
0.000000 -0.860454 0.509528 1.000000 0.000000 0.000000 0.000000 0.509528 0.860454
0.000000 -0.840529 0.541766 1.000000 0.000000 0.000000 0.000000 0.541766 0.840529
0.000000 -0.775978 0.630759 1.000000 0.000000 0.000000 0.000000 0.630759 0.775978
0.000000 -0.657092 0.753810 1.000000 0.000000 0.000000 0.000000 0.753810 0.657092
0.000000 -0.480377 0.877062 1.000000 0.000000 0.000000 0.000000 0.877062 0.480377
0.000000 -0.258819 0.965926 1.000000 0.000000 0.000000 0.000000 0.965926 0.258819
0.000000 -0.022512 0.999747 1.000000 0.000000 0.000000 0.000000 0.999747 0.022512
0.000000 0.192154 0.981365 1.000000 0.000000 0.000000 0.000000 0.981365 -0.192154
0.000000 0.356637 0.934243 1.000000 0.000000 0.000000 0.000000 0.934243 -0.356637
0.000000 0.457036 0.889448 1.000000 0.000000 0.000000 0.000000 0.889448 -0.457036
0.000000 0.580276 0.814420 1.000000 0.000000 0.000000 0.000000 0.814420 -0.580276
0.000000 0.544637 0.838672 1.000000 0.000000 0.000000 0.000000 0.838672 -0.544637
0.000000 0.435718 0.900083 1.000000 0.000000 0.000000 0.000000 0.900083 -0.435718
0.000000 0.253178 0.967420 1.000000 0.000000 0.000000 0.000000 0.967420 -0.253178
0.000000 0.010407 0.999946 1.000000 0.000000 0.000000 0.000000 0.999946 -0.010407
0.000000 -0.258819 0.965926 1.000000 0.000000 0.000000 0.000000 0.965926 0.258819
0.000000 -0.508986 0.860775 1.000000 0.000000 0.000000 0.000000 0.860775 0.508986
0.000000 -0.702969 0.711221 1.000000 0.000000 0.000000 0.000000 0.711221 0.702969
0.000000 -0.827384 0.561636 1.000000 0.000000 0.000000 0.000000 0.561636 0.827384
0.000000 -0.891006 0.453992 1.000000 0.000000 0.000000 0.000000 0.453992 0.891006
0.000000 -0.909744 0.415170 1.000000 0.000000 0.000000 0.000000 0.415170 0.909744
0.000000 -0.891006 0.453992 1.000000 0.000000 0.000000 0.000000 0.453992 0.891006
0.000000 -0.827384 0.561636 1.000000 0.000000 0.000000 0.000000 0.561636 0.827384
0.000000 -0.702969 0.711221 1.000000 0.000000 0.000000 0.000000 0.711221 0.702969
0.000000 -0.508986 0.860775 1.000000 0.000000 0.000000 0.000000 0.860775 0.508986
0.000000 -0.258819 0.965926 1.000000 0.000000 0.000000 0.000000 0.965926 0.258819
0.000000 0.010407 0.999946 1.000000 0.000000 0.000000 0.000000 0.999946 -0.010407
0.000000 0.253178 0.967420 1.000000 0.000000 0.000000 0.000000 0.967420 -0.253178
0.000000 0.435718 0.900083 1.000000 0.000000 0.000000 0.000000 0.900083 -0.435718
0.000000 0.544637 0.838672 1.000000 0.000000 0.000000 0.000000 0.838672 -0.544637
0.000000 0.645314 0.763917 1.000000 0.000000 0.000000 0.000000 0.763917 -0.645314
0.000000 0.608596 0.793480 1.000000 0.000000 0.000000 0.000000 0.793480 -0.608596
0.000000 0.494689 0.869070 1.000000 0.000000 0.000000 0.000000 0.869070 -0.494689
0.000000 0.299702 0.954033 1.000000 0.000000 0.000000 0.000000 0.954033 -0.299702
0.000000 0.035853 0.999357 1.000000 0.000000 0.000000 0.000000 0.999357 -0.035853
0.000000 -0.258819 0.965926 1.000000 0.000000 0.000000 0.000000 0.965926 0.258819
0.000000 -0.530728 0.847542 1.000000 0.000000 0.000000 0.000000 0.847542 0.530728
0.000000 -0.736566 0.676366 1.000000 0.000000 0.000000 0.000000 0.676366 0.736566
0.000000 -0.862948 0.505292 1.000000 0.000000 0.000000 0.000000 0.505292 0.862948
0.000000 -0.923800 0.382876 1.000000 0.000000 0.000000 0.000000 0.382876 0.923800
0.000000 -0.940817 0.338915 1.000000 0.000000 0.000000 0.000000 0.338915 0.940817
0.000000 -0.923800 0.382876 1.000000 0.000000 0.000000 0.000000 0.382876 0.923800
0.000000 -0.862948 0.505292 1.000000 0.000000 0.000000 0.000000 0.505292 0.862948
0.000000 -0.736566 0.676366 1.000000 0.000000 0.000000 0.000000 0.676366 0.736566
0.000000 -0.530728 0.847542 1.000000 0.000000 0.000000 0.000000 0.847542 0.530728
0.000000 -0.258819 0.965926 1.000000 0.000000 0.000000 0.000000 0.965926 0.258819
0.000000 0.035853 0.999357 1.000000 0.000000 0.000000 0.000000 0.999357 -0.035853
0.000000 0.299702 0.954033 1.000000 0.000000 0.000000 0.000000 0.954033 -0.299702
0.000000 0.494689 0.869070 1.000000 0.000000 0.000000 0.000000 0.869070 -0.494689
0.000000 0.608596 0.793480 1.000000 0.000000 0.000000 0.000000 0.793480 -0.608596
0.000000 0.687029 0.726630 1.000000 0.000000 0.000000 0.000000 0.726630 -0.687029
0.000000 0.649941 0.759985 1.000000 0.000000 0.000000 0.000000 0.759985 -0.649941
0.000000 0.533507 0.845796 1.000000 0.000000 0.000000 0.000000 0.845796 -0.533507
0.000000 0.330902 0.943665 1.000000 0.000000 0.000000 0.000000 0.943665 -0.330902
0.000000 0.053126 0.998588 1.000000 0.000000 0.000000 0.000000 0.998588 -0.053126
0.000000 -0.258819 0.965926 1.000000 0.000000 0.000000 0.000000 0.965926 0.258819
0.000000 -0.545302 0.838239 1.000000 0.000000 0.000000 0.000000 0.838239 0.545302
0.000000 -0.758402 0.651787 1.000000 0.000000 0.000000 0.000000 0.651787 0.758402
0.000000 -0.884929 0.465727 1.000000 0.000000 0.000000 0.000000 0.465727 0.884929
0.000000 -0.942858 0.333196 1.000000 0.000000 0.000000 0.000000 0.333196 0.942858
0.000000 -0.958300 0.285765 1.000000 0.000000 0.000000 0.000000 0.285765 0.958300
0.000000 -0.942858 0.333196 1.000000 0.000000 0.000000 0.000000 0.333196 0.942858
0.000000 -0.884929 0.465727 1.000000 0.000000 0.000000 0.000000 0.465727 0.884929
0.000000 -0.758402 0.651787 1.000000 0.000000 0.000000 0.000000 0.651787 0.758402
0.000000 -0.545302 0.838239 1.000000 0.000000 0.000000 0.000000 0.838239 0.545302
0.000000 -0.258819 0.965926 1.000000 0.000000 0.000000 0.000000 0.965926 0.258819
0.000000 0.053126 0.998588 1.000000 0.000000 0.000000 0.000000 0.998588 -0.053126
0.000000 0.330902 0.943665 1.000000 0.000000 0.000000 0.000000 0.943665 -0.330902
0.000000 0.533507 0.845796 1.000000 0.000000 0.000000 0.000000 0.845796 -0.533507
0.000000 0.649941 0.759985 1.000000 0.000000 0.000000 0.000000 0.759985 -0.649941
0.000000 0.707107 0.707107 1.000000 0.000000 0.000000 0.000000 0.707107 -0.707107
0.000000 0.669953 0.742403 1.000000 0.000000 0.000000 0.000000 0.742403 -0.669953
0.000000 0.552533 0.833491 1.000000 0.000000 0.000000 0.000000 0.833491 -0.552533
0.000000 0.346400 0.938087 1.000000 0.000000 0.000000 0.000000 0.938087 -0.346400
0.000000 0.061767 0.998091 1.000000 0.000000 0.000000 0.000000 0.998091 -0.061767
0.000000 -0.258819 0.965926 1.000000 0.000000 0.000000 0.000000 0.965926 0.258819
0.000000 -0.552537 0.833488 1.000000 0.000000 0.000000 0.000000 0.833488 0.552537
0.000000 -0.769035 0.639207 1.000000 0.000000 0.000000 0.000000 0.639207 0.769035
0.000000 -0.895253 0.445558 1.000000 0.000000 0.000000 0.000000 0.445558 0.895253
0.000000 -0.951398 0.307963 1.000000 0.000000 0.000000 0.000000 0.307963 0.951398
0.000000 -0.965926 0.258819 1.000000 0.000000 0.000000 0.000000 0.258819 0.965926
0.000000 -0.951398 0.307963 1.000000 0.000000 0.000000 0.000000 0.307963 0.951398
0.000000 -0.895253 0.445558 1.000000 0.000000 0.000000 0.000000 0.445558 0.895253
0.000000 -0.769035 0.639207 1.000000 0.000000 0.000000 0.000000 0.639207 0.769035
0.000000 -0.552537 0.833488 1.000000 0.000000 0.000000 0.000000 0.833488 0.552537
0.000000 -0.258819 0.965926 1.000000 0.000000 0.000000 0.000000 0.965926 0.258819
0.000000 0.061767 0.998091 1.000000 0.000000 0.000000 0.000000 0.998091 -0.061767
0.000000 0.346400 0.938087 1.000000 0.000000 0.000000 0.000000 0.938087 -0.346400
0.000000 0.552533 0.833491 1.000000 0.000000 0.000000 0.000000 0.833491 -0.552533
0.000000 0.669953 0.742403 1.000000 0.000000 0.000000 0.000000 0.742403 -0.669953
0.000000 0.706616 0.707597 1.000000 0.000000 0.000000 0.000000 0.707597 -0.706616
0.000000 0.669462 0.742846 1.000000 0.000000 0.000000 0.000000 0.742846 -0.669462
0.000000 0.552060 0.833804 1.000000 0.000000 0.000000 0.000000 0.833804 -0.552060
0.000000 0.346016 0.938229 1.000000 0.000000 0.000000 0.000000 0.938229 -0.346016
0.000000 0.061547 0.998104 1.000000 0.000000 0.000000 0.000000 0.998104 -0.061547
0.000000 -0.258819 0.965926 1.000000 0.000000 0.000000 0.000000 0.965926 0.258819
0.000000 -0.552354 0.833610 1.000000 0.000000 0.000000 0.000000 0.833610 0.552354
0.000000 -0.768773 0.639522 1.000000 0.000000 0.000000 0.000000 0.639522 0.768773
0.000000 -0.895000 0.446066 1.000000 0.000000 0.000000 0.000000 0.446066 0.895000
0.000000 -0.951194 0.308593 1.000000 0.000000 0.000000 0.000000 0.308593 0.951194
0.000000 -0.965746 0.259489 1.000000 0.000000 0.000000 0.000000 0.259489 0.965746
0.000000 -0.951194 0.308593 1.000000 0.000000 0.000000 0.000000 0.308593 0.951194
0.000000 -0.895000 0.446066 1.000000 0.000000 0.000000 0.000000 0.446066 0.895000
0.000000 -0.768773 0.639522 1.000000 0.000000 0.000000 0.000000 0.639522 0.768773
0.000000 -0.552354 0.833610 1.000000 0.000000 0.000000 0.000000 0.833610 0.552354
0.000000 -0.258819 0.965926 1.000000 0.000000 0.000000 0.000000 0.965926 0.258819
0.000000 0.061547 0.998104 1.000000 0.000000 0.000000 0.000000 0.998104 -0.061547
0.000000 0.346016 0.938229 1.000000 0.000000 0.000000 0.000000 0.938229 -0.346016
0.000000 0.552060 0.833804 1.000000 0.000000 0.000000 0.000000 0.833804 -0.552060
